#Fichier contenant sur chaque ligne : Latitude en degré, Longitude en degré, Altitude en mètre, Temps en secondes, Cap en degré
43.103699999999996,5.948499999999999,0,0.0,80.0
43.103711389171266,5.948588466785645,2.0,2.0,80.0
43.10372277834042,5.9486769335712895,3.0,3.0,80.0
43.103734167507454,5.948765400356934,4.0,4.0,80.0
43.103745556672365,5.94885386714258,5.0,5.0,80.0
43.10375694583516,5.9489423339282235,6.0,6.0,80.0
43.10376833499584,5.949030800713869,7.0,7.0,80.0
43.1037797241544,5.9491192674995155,8.0,8.0,80.0
43.10379111331084,5.94920773428516,9.0,9.0,80.0
43.10380250246516,5.949296201070805,10.0,10.0,80.0
43.10381389161736,5.9493846678564495,11.0,11.0,80.0
43.10382528076744,5.949473134642095,12.0,12.0,80.0
43.10383666991541,5.94956160142774,13.0,13.0,80.0
43.10384805906126,5.949650068213385,14.0,14.0,80.0
43.10385944820498,5.94973853499903,15.0,15.0,80.0
43.103870837346584,5.949827001784675,16.0,16.0,80.0
43.10388222648607,5.949915468570319,17.0,17.0,80.0
43.10389361562345,5.950003935355965,18.0,18.0,80.0
43.1039050047587,5.9500924021416095,19.0,19.0,80.0
43.10391639389183,5.950180868927255,20.0,20.0,80.0
43.10392778302284,5.950269335712901,21.0,21.0,80.0
43.10393917215174,5.950357802498545,22.0,22.0,80.0
43.103950561278516,5.95044626928419,23.0,23.0,80.0
43.10396195040316,5.950534736069835,24.0,24.0,80.0
43.10397333952571,5.950623202855481,25.0,25.0,80.0
43.103984728646125,5.950711669641125,26.0,26.0,80.0
43.10399611776443,5.95080013642677,27.0,27.0,80.0
43.10400750688061,5.950888603212415,28.0,28.0,80.0
43.10401889599467,5.95097706999806,29.0,29.0,80.0
43.10403028510661,5.951065536783705,30.0,30.0,80.0
43.104087085327095,5.951020621019499,32.0,32.0,330.0
43.10414388549487,5.950975705255293,33.0,33.0,330.0
43.104200685609946,5.950930789491087,34.0,34.0,330.0
43.10425748567232,5.950885873726881,35.0,35.0,330.0
43.104314285681994,5.950840957962675,36.0,36.0,330.0
43.10437108563897,5.950796042198469,37.0,37.0,330.0
43.104427885543245,5.9507511264342625,38.0,38.0,330.0
43.104484685394816,5.950706210670057,39.0,39.0,330.0
43.10454148519369,5.950661294905851,40.0,40.0,330.0
43.10459828493987,5.950616379141645,41.0,41.0,330.0
43.104655084633336,5.950571463377439,42.0,42.0,330.0
43.10471188427412,5.950526547613233,43.0,43.0,330.0
43.10476868386219,5.950481631849027,44.0,44.0,330.0
43.104825483397555,5.9504367160848215,45.0,45.0,330.0
43.104882282880226,5.950391800320615,46.0,46.0,330.0
43.104939082310196,5.950346884556409,47.0,47.0,330.0
43.104995881687465,5.950301968792203,48.0,48.0,330.0
43.10505268101203,5.950257053027997,49.0,49.0,330.0
43.10510948028391,5.950212137263791,50.0,50.0,330.0
43.105166279503074,5.950167221499585,51.0,51.0,330.0
43.10522307866954,5.95012230573538,52.0,52.0,330.0
43.10527987778331,5.950077389971173,53.0,53.0,330.0
43.105336676844374,5.950032474206967,54.0,54.0,330.0
43.105393475852736,5.9499875584427615,55.0,55.0,330.0
43.1054502748084,5.949942642678556,56.0,56.0,330.0
43.105507073711365,5.949897726914349,57.0,57.0,330.0
43.105563872561625,5.949852811150143,58.0,58.0,330.0
43.10562067135919,5.949807895385938,59.0,59.0,330.0
43.105677470104055,5.949762979621732,60.0,60.0,330.0
43.105688858907435,5.949851446407377,62.0,62.0,80.0
43.10570024770869,5.949939913193022,63.0,63.0,80.0
43.105711636507834,5.950028379978667,64.0,64.0,80.0
43.10572302530486,5.950116846764312,65.0,65.0,80.0
43.105734414099764,5.950205313549956,66.0,66.0,80.0
43.10574580289255,5.950293780335602,67.0,67.0,80.0
43.10575719168322,5.950382247121246,68.0,68.0,80.0
43.10576858047176,5.950470713906893,69.0,69.0,80.0
43.105779969258194,5.950559180692537,70.0,70.0,80.0
43.1057913580425,5.950647647478182,71.0,71.0,80.0
43.10580274682469,5.950736114263828,72.0,72.0,80.0
43.105814135604774,5.9508245810494715,73.0,73.0,80.0
43.10582552438273,5.950913047835117,74.0,74.0,80.0
43.10583691315856,5.951001514620763,75.0,75.0,80.0
43.10584830193228,5.951089981406406,76.0,76.0,80.0
43.10585969070388,5.951178448192052,77.0,77.0,80.0
43.10587107947336,5.9512669149776976,78.0,78.0,80.0
43.105882468240715,5.951355381763341,79.0,79.0,80.0
43.10589385700595,5.951443848548988,80.0,80.0,80.0
43.10590524576907,5.9515323153346325,81.0,81.0,80.0
43.10591663453008,5.951620782120278,82.0,82.0,80.0
43.105928023288975,5.951709248905922,83.0,83.0,80.0
43.105939412045736,5.951797715691567,84.0,84.0,80.0
43.10595080080038,5.951886182477212,85.0,85.0,80.0
43.105962189552905,5.951974649262858,86.0,86.0,80.0
43.10597357830331,5.952063116048502,87.0,87.0,80.0
43.105984967051604,5.952151582834148,88.0,88.0,80.0
43.10599635579778,5.952240049619792,89.0,89.0,80.0
43.10600774454183,5.952328516405437,90.0,90.0,80.0
43.10606454292754,5.952283600641231,92.0,92.0,330.0
43.10612134126056,5.952238684877025,93.0,93.0,330.0
43.10617813954087,5.952193769112819,94.0,94.0,330.0
43.10623493776849,5.952148853348613,95.0,95.0,330.0
43.106291735943394,5.952103937584408,96.0,96.0,330.0
43.1063485340656,5.952059021820201,97.0,97.0,330.0
43.10640533213512,5.952014106055995,98.0,98.0,330.0
43.10646213015193,5.9519691902917895,99.0,99.0,330.0
43.10651892811604,5.951924274527584,100.0,100.0,330.0
43.106575726027444,5.951879358763377,101.0,101.0,330.0
43.106632523886155,5.951834442999171,102.0,102.0,330.0
43.106689321692166,5.951789527234966,103.0,103.0,330.0
43.106746119445475,5.95174461147076,104.0,104.0,330.0
43.106802917146084,5.951699695706553,105.0,105.0,330.0
43.10685971479398,5.951654779942348,106.0,106.0,330.0
43.10691651238918,5.951609864178142,107.0,107.0,330.0
43.10697330993169,5.951564948413935,108.0,108.0,330.0
43.10703010742149,5.9515200326497295,109.0,109.0,330.0
43.1070869048586,5.951475116885524,110.0,110.0,330.0
43.10714370224299,5.951430201121318,111.0,111.0,330.0
43.107200499574695,5.951385285357111,112.0,112.0,330.0
43.107257296853696,5.951340369592906,113.0,113.0,330.0
43.107314094079996,5.9512954538287,114.0,114.0,330.0
43.107370891253595,5.951250538064494,115.0,115.0,330.0
43.10742768837448,5.951205622300288,116.0,116.0,330.0
43.10748448544268,5.951160706536082,117.0,117.0,330.0
43.10754128245817,5.951115790771876,118.0,118.0,330.0
43.107598079420974,5.95107087500767,119.0,119.0,330.0
43.10765487633106,5.951025959243464,120.0,120.0,330.0
43.10766626476654,5.951114426029109,122.0,122.0,80.0
43.107677653199914,5.951202892814754,123.0,123.0,80.0
43.10768904163117,5.9512913596004,124.0,124.0,80.0
43.1077004300603,5.951379826386045,125.0,125.0,80.0
43.10771181848731,5.951468293171689,126.0,126.0,80.0
43.1077232069122,5.951556759957334,127.0,127.0,80.0
43.10773459533498,5.951645226742979,128.0,128.0,80.0
43.107745983755635,5.951733693528625,129.0,129.0,80.0
43.10775737217417,5.951822160314269,130.0,130.0,80.0
43.10776876059059,5.951910627099915,131.0,131.0,80.0
43.10778014900489,5.95199909388556,132.0,132.0,80.0
43.107791537417064,5.952087560671204,133.0,133.0,80.0
43.10780292582713,5.952176027456849,134.0,134.0,80.0
43.10781431423508,5.952264494242495,135.0,135.0,80.0
43.107825702640895,5.952352961028139,136.0,136.0,80.0
43.10783709104461,5.952441427813785,137.0,137.0,80.0
43.10784847944619,5.952529894599429,138.0,138.0,80.0
43.10785986784566,5.952618361385074,139.0,139.0,80.0
43.107871256243,5.952706828170719,140.0,140.0,80.0
43.10788264463823,5.952795294956365,141.0,141.0,80.0
43.10789403303135,5.952883761742011,142.0,142.0,80.0
43.10790542142234,5.9529722285276545,143.0,143.0,80.0
43.10791680981121,5.9530606953133,144.0,144.0,80.0
43.10792819819796,5.953149162098945,145.0,145.0,80.0
43.1079395865826,5.953237628884589,146.0,146.0,80.0
43.10795097496512,5.953326095670235,147.0,147.0,80.0
43.107962363345514,5.9534145624558805,148.0,148.0,80.0
43.10797375172379,5.953503029241524,149.0,149.0,80.0
43.107985140099956,5.95359149602717,150.0,150.0,80.0
43.1080419366509,5.953546580262963,152.0,152.0,330.0
43.10809873314914,5.9535016644987575,153.0,153.0,330.0
43.10815552959468,5.953456748734552,154.0,154.0,330.0
43.10821232598752,5.953411832970346,155.0,155.0,330.0
43.10826912232766,5.953366917206139,156.0,156.0,330.0
43.1083259186151,5.953322001441934,157.0,157.0,330.0
43.10838271484984,5.953277085677728,158.0,158.0,330.0
43.108439511031875,5.953232169913522,159.0,159.0,330.0
43.10849630716121,5.953187254149316,160.0,160.0,330.0
43.10855310323785,5.95314233838511,161.0,161.0,330.0
43.10860989926179,5.953097422620904,162.0,162.0,330.0
43.10866669523302,5.953052506856698,163.0,163.0,330.0
43.10872349115156,5.953007591092492,164.0,164.0,330.0
43.108780287017396,5.952962675328286,165.0,165.0,330.0
43.10883708283052,5.95291775956408,166.0,166.0,330.0
43.10889387859095,5.952872843799874,167.0,167.0,330.0
43.108950674298676,5.952827928035668,168.0,168.0,330.0
43.1090074699537,5.952783012271462,169.0,169.0,330.0
43.109064265556036,5.9527380965072565,170.0,170.0,330.0
43.109121061105654,5.95269318074305,171.0,171.0,330.0
43.109177856602585,5.952648264978844,172.0,172.0,330.0
43.1092346520468,5.952603349214638,173.0,173.0,330.0
43.10929144743832,5.952558433450433,174.0,174.0,330.0
43.109348242777145,5.952513517686226,175.0,175.0,330.0
43.109405038063265,5.95246860192202,176.0,176.0,330.0
43.109461833296685,5.952423686157815,177.0,177.0,330.0
43.10951862847741,5.952378770393609,178.0,178.0,330.0
43.10957542360542,5.952333854629402,179.0,179.0,330.0
43.10963221868074,5.9522889388651965,180.0,180.0,330.0
43.109643606748335,5.952377405650842,182.0,182.0,80.0
43.1096549948138,5.952465872436486,183.0,183.0,80.0
43.109666382877165,5.952554339222131,184.0,184.0,80.0
43.1096777709384,5.952642806007777,185.0,185.0,80.0
43.10968915899751,5.952731272793422,186.0,186.0,80.0
43.109700547054516,5.952819739579066,187.0,187.0,80.0
43.109711935109395,5.952908206364712,188.0,188.0,80.0
43.10972332316216,5.9529966731503565,189.0,189.0,80.0
43.109734711212795,5.953085139936002,190.0,190.0,80.0
43.109746099261315,5.953173606721647,191.0,191.0,80.0
43.10975748730772,5.953262073507292,192.0,192.0,80.0
43.10976887535202,5.953350540292936,193.0,193.0,80.0
43.10978026339418,5.953439007078582,194.0,194.0,80.0
43.10979165143423,5.953527473864227,195.0,195.0,80.0
43.10980303947216,5.953615940649872,196.0,196.0,80.0
43.10981442750797,5.953704407435517,197.0,197.0,80.0
43.10982581554166,5.953792874221162,198.0,198.0,80.0
43.109837203573235,5.953881341006806,199.0,199.0,80.0
43.109848591602685,5.953969807792451,200.0,200.0,80.0
43.109859979630016,5.954058274578097,201.0,201.0,80.0
43.10987136765524,5.954146741363743,202.0,202.0,80.0
43.109882755678335,5.954235208149387,203.0,203.0,80.0
43.109894143699314,5.954323674935032,204.0,204.0,80.0
43.10990553171818,5.9544121417206775,205.0,205.0,80.0
43.109916919734914,5.954500608506321,206.0,206.0,80.0
43.10992830774954,5.954589075291968,207.0,207.0,80.0
43.10993969576204,5.954677542077613,208.0,208.0,80.0
43.10995108377242,5.954766008863257,209.0,209.0,80.0
43.10996247178068,5.954854475648902,210.0,210.0,80.0
43.110019266496856,5.954809559884696,212.0,212.0,330.0
43.11007606116031,5.95476464412049,213.0,213.0,330.0
43.110132855771084,5.9547197283562845,214.0,214.0,330.0
43.11018965032914,5.954674812592078,215.0,215.0,330.0
43.1102464448345,5.954629896827872,216.0,216.0,330.0
43.11030323928716,5.954584981063666,217.0,217.0,330.0
43.11036003368713,5.954540065299461,218.0,218.0,330.0
43.11041682803438,5.954495149535254,219.0,219.0,330.0
43.11047362232893,5.954450233771048,220.0,220.0,330.0
43.11053041657079,5.954405318006843,221.0,221.0,330.0
43.110587210759945,5.954360402242637,222.0,222.0,330.0
43.1106440048964,5.95431548647843,223.0,223.0,330.0
43.110700798980155,5.9542705707142245,224.0,224.0,330.0
43.11075759301119,5.954225654950019,225.0,225.0,330.0
43.11081438698954,5.954180739185812,226.0,226.0,330.0
43.11087118091519,5.954135823421606,227.0,227.0,330.0
43.11092797478813,5.954090907657401,228.0,228.0,330.0
43.11098476860838,5.954045991893195,229.0,229.0,330.0
43.111041562375924,5.954001076128988,230.0,230.0,330.0
43.11109835609077,5.953956160364783,231.0,231.0,330.0
43.11115514975291,5.953911244600577,232.0,232.0,330.0
43.11121194336235,5.953866328836371,233.0,233.0,330.0
43.11126873691909,5.9538214130721645,234.0,234.0,330.0
43.11132553042313,5.953776497307959,235.0,235.0,330.0
43.11138232387445,5.953731581543753,236.0,236.0,330.0
43.11143911727309,5.953686665779547,237.0,237.0,330.0
43.11149591061903,5.953641750015341,238.0,238.0,330.0
43.11155270391226,5.953596834251135,239.0,239.0,330.0
43.111609497152784,5.953551918486929,240.0,240.0,330.0
43.111620884852485,5.953640385272574,242.0,242.0,80.0
43.111632272550054,5.953728852058219,243.0,243.0,80.0
43.11164366024553,5.953817318843863,244.0,244.0,80.0
43.11165504793886,5.953905785629509,245.0,245.0,80.0
43.111666435630084,5.9539942524151535,246.0,246.0,80.0
43.111677823319184,5.954082719200799,247.0,247.0,80.0
43.11168921100617,5.954171185986445,248.0,248.0,80.0
43.11170059869104,5.954259652772089,249.0,249.0,80.0
43.111711986373784,5.954348119557733,250.0,250.0,80.0
43.11172337405441,5.9544365863433795,251.0,251.0,80.0
43.11173476173292,5.954525053129025,252.0,252.0,80.0
43.111746149409306,5.954613519914669,253.0,253.0,80.0
43.111757537083584,5.954701986700314,254.0,254.0,80.0
43.11176892475573,5.954790453485959,255.0,255.0,80.0
43.11178031242576,5.954878920271604,256.0,256.0,80.0
43.11179170009368,5.954967387057249,257.0,257.0,80.0
43.111803087759476,5.955055853842895,258.0,258.0,80.0
43.11181447542315,5.955144320628539,259.0,259.0,80.0
43.111825863084704,5.955232787414184,260.0,260.0,80.0
43.111837250744145,5.955321254199829,261.0,261.0,80.0
43.111848638401476,5.955409720985474,262.0,262.0,80.0
43.111860026056675,5.955498187771119,263.0,263.0,80.0
43.11187141370975,5.955586654556765,264.0,264.0,80.0
43.111882801360714,5.95567512134241,265.0,265.0,80.0
43.11189418900956,5.955763588128054,266.0,266.0,80.0
43.11190557665629,5.9558520549136995,267.0,267.0,80.0
43.111916964300896,5.955940521699345,268.0,268.0,80.0
43.111928351943384,5.95602898848499,269.0,269.0,80.0
43.11193973958375,5.956117455270634,270.0,270.0,80.0
43.11199653246513,5.956072539506429,272.0,272.0,330.0
43.11205332529381,5.956027623742223,273.0,273.0,330.0
43.11211011806978,5.955982707978016,274.0,274.0,330.0
43.11216691079306,5.955937792213811,275.0,275.0,330.0
43.11222370346362,5.955892876449605,276.0,276.0,330.0
43.112280496081496,5.955847960685399,277.0,277.0,330.0
43.112337288646664,5.9558030449211925,278.0,278.0,330.0
43.11239408115914,5.955758129156987,279.0,279.0,330.0
43.1124508736189,5.955713213392781,280.0,280.0,330.0
43.11250766602597,5.955668297628575,281.0,281.0,330.0
43.112564458380334,5.955623381864369,282.0,282.0,330.0
43.11262125068199,5.955578466100163,283.0,283.0,330.0
43.11267804293096,5.955533550335957,284.0,284.0,330.0
43.11273483512722,5.955488634571751,285.0,285.0,330.0
43.112791627270774,5.955443718807545,286.0,286.0,330.0
43.112848419361626,5.955398803043339,287.0,287.0,330.0
43.11290521139978,5.955353887279133,288.0,288.0,330.0
43.112962003385235,5.955308971514927,289.0,289.0,330.0
43.113018795317984,5.955264055750721,290.0,290.0,330.0
43.11307558719803,5.955219139986515,291.0,291.0,330.0
43.11313237902539,5.95517422422231,292.0,292.0,330.0
43.113189170800034,5.955129308458103,293.0,293.0,330.0
43.11324596252198,5.955084392693897,294.0,294.0,330.0
43.113302754191224,5.9550394769296915,295.0,295.0,330.0
43.11335954580776,5.954994561165486,296.0,296.0,330.0
43.113416337371596,5.954949645401279,297.0,297.0,330.0
43.11347312888274,5.954904729637073,298.0,298.0,330.0
43.11352992034118,5.954859813872868,299.0,299.0,330.0
43.11358671174691,5.954814898108661,300.0,300.0,330.0
43.113598099078715,5.954903364894307,302.0,302.0,80.0
43.11360948640839,5.95499183167995,303.0,303.0,80.0
43.113620873735954,5.955080298465596,304.0,304.0,80.0
43.1136322610614,5.9551687652512415,305.0,305.0,80.0
43.11364364838472,5.955257232036886,306.0,306.0,80.0
43.113655035705925,5.955345698822532,307.0,307.0,80.0
43.11366642302502,5.955434165608176,308.0,308.0,80.0
43.11367781034199,5.955522632393822,309.0,309.0,80.0
43.11368919765683,5.955611099179466,310.0,310.0,80.0
43.11370058496956,5.955699565965111,311.0,311.0,80.0
43.11371197228017,5.955788032750757,312.0,312.0,80.0
43.11372335958867,5.9558764995364015,313.0,313.0,80.0
43.11373474689504,5.955964966322046,314.0,314.0,80.0
43.113746134199296,5.956053433107692,315.0,315.0,80.0
43.11375752150143,5.9561418998933355,316.0,316.0,80.0
43.113768908801454,5.956230366678981,317.0,317.0,80.0
43.11378029609934,5.9563188334646275,318.0,318.0,80.0
43.11379168339513,5.956407300250271,319.0,319.0,80.0
43.11380307068878,5.956495767035917,320.0,320.0,80.0
43.11381445798032,5.9565842338215615,321.0,321.0,80.0
43.113825845269744,5.956672700607207,322.0,322.0,80.0
43.11383723255705,5.956761167392852,323.0,323.0,80.0
43.11384861984223,5.956849634178497,324.0,324.0,80.0
43.1138600071253,5.956938100964142,325.0,325.0,80.0
43.11387139440625,5.957026567749787,326.0,326.0,80.0
43.11388278168508,5.957115034535431,327.0,327.0,80.0
43.113894168961785,5.957203501321077,328.0,328.0,80.0
43.113905556236375,5.957291968106722,329.0,329.0,80.0
43.11391694350884,5.957380434892367,330.0,330.0,80.0
43.11397373455543,5.957335519128161,332.0,332.0,330.0
43.1140305255493,5.957290603363955,333.0,333.0,330.0
43.11408731649049,5.957245687599749,334.0,334.0,330.0
43.11414410737897,5.957200771835543,335.0,335.0,330.0
43.11420089821473,5.957155856071338,336.0,336.0,330.0
43.11425768899782,5.957110940307131,337.0,337.0,330.0
43.114314479728186,5.957066024542925,338.0,338.0,330.0
43.114371270405854,5.9570211087787195,339.0,339.0,330.0
43.11442806103082,5.956976193014514,340.0,340.0,330.0
43.114484851603095,5.956931277250307,341.0,341.0,330.0
43.11454164212265,5.956886361486101,342.0,342.0,330.0
43.114598432589524,5.956841445721896,343.0,343.0,330.0
43.11465522300369,5.956796529957689,344.0,344.0,330.0
43.11471201336514,5.956751614193483,345.0,345.0,330.0
43.1147688036739,5.956706698429278,346.0,346.0,330.0
43.11482559392996,5.956661782665072,347.0,347.0,330.0
43.11488238413331,5.956616866900865,348.0,348.0,330.0
43.11493917428397,5.9565719511366595,349.0,349.0,330.0
43.11499596438192,5.956527035372454,350.0,350.0,330.0
43.115052754427175,5.956482119608248,351.0,351.0,330.0
43.11510954441972,5.956437203844041,352.0,352.0,330.0
43.115166334359564,5.956392288079836,353.0,353.0,330.0
43.11522312424671,5.95634737231563,354.0,354.0,330.0
43.115279914081164,5.956302456551424,355.0,355.0,330.0
43.115336703862894,5.956257540787218,356.0,356.0,330.0
43.115393493591924,5.956212625023012,357.0,357.0,330.0
43.11545028326827,5.956167709258806,358.0,358.0,330.0
43.1155070728919,5.9561227934945995,359.0,359.0,330.0
43.115563862462835,5.956077877730394,360.0,360.0,330.0
43.11557524942673,5.956166344516039,362.0,362.0,80.0
43.115586636388514,5.956254811301683,363.0,363.0,80.0
43.11559802334818,5.956343278087329,364.0,364.0,80.0
43.11560941030572,5.956431744872973,365.0,365.0,80.0
43.11562079726115,5.956520211658618,366.0,366.0,80.0
43.115632184214455,5.956608678444264,367.0,367.0,80.0
43.11564357116565,5.956697145229909,368.0,368.0,80.0
43.11565495811471,5.956785612015555,369.0,369.0,80.0
43.115666345061655,5.9568740788011985,370.0,370.0,80.0
43.11567773200649,5.956962545586844,371.0,371.0,80.0
43.1156891189492,5.957051012372489,372.0,372.0,80.0
43.1157005058898,5.957139479158134,373.0,373.0,80.0
43.11571189282827,5.957227945943779,374.0,374.0,80.0
43.11572327976462,5.9573164127294245,375.0,375.0,80.0
43.115734666698856,5.957404879515068,376.0,376.0,80.0
43.115746053630986,5.957493346300714,377.0,377.0,80.0
43.11575744056098,5.957581813086359,378.0,378.0,80.0
43.11576882748886,5.957670279872004,379.0,379.0,80.0
43.11578021441461,5.957758746657649,380.0,380.0,80.0
43.11579160133826,5.957847213443294,381.0,381.0,80.0
43.11580298825978,5.95793568022894,382.0,382.0,80.0
43.115814375179184,5.958024147014584,383.0,383.0,80.0
43.11582576209647,5.95811261380023,384.0,384.0,80.0
43.11583714901163,5.958201080585875,385.0,385.0,80.0
43.115848535924684,5.9582895473715185,386.0,386.0,80.0
43.11585992283561,5.958378014157164,387.0,387.0,80.0
43.11587130974442,5.95846648094281,388.0,388.0,80.0
43.11588269665111,5.958554947728453,389.0,389.0,80.0
43.11589408355569,5.9586434145141,390.0,390.0,80.0
43.11595087276746,5.958598498749893,392.0,392.0,330.0
43.11600766192654,5.9585535829856875,393.0,393.0,330.0
43.11606445103291,5.958508667221482,394.0,394.0,330.0
43.11612124008659,5.958463751457276,395.0,395.0,330.0
43.11617802908755,5.958418835693069,396.0,396.0,330.0
43.116234818035814,5.958373919928864,397.0,397.0,330.0
43.11629160693139,5.958329004164658,398.0,398.0,330.0
43.11634839577425,5.958284088400452,399.0,399.0,330.0
43.11640518456442,5.958239172636246,400.0,400.0,330.0
43.11646197330188,5.95819425687204,401.0,401.0,330.0
43.11651876198664,5.958149341107834,402.0,402.0,330.0
43.11657555061869,5.9581044253436275,403.0,403.0,330.0
43.11663233919805,5.958059509579422,404.0,404.0,330.0
43.116689127724705,5.958014593815216,405.0,405.0,330.0
43.11674591619865,5.957969678051009,406.0,406.0,330.0
43.1168027046199,5.957924762286804,407.0,407.0,330.0
43.116859492988446,5.957879846522598,408.0,408.0,330.0
43.11691628130429,5.957834930758391,409.0,409.0,330.0
43.116973069567436,5.957790014994186,410.0,410.0,330.0
43.11702985777788,5.95774509922998,411.0,411.0,330.0
43.11708664593562,5.957700183465773,412.0,412.0,330.0
43.117143434040656,5.9576552677015675,413.0,413.0,330.0
43.11720022209299,5.957610351937362,414.0,414.0,330.0
43.11725701009263,5.957565436173155,415.0,415.0,330.0
43.117313798039554,5.957520520408949,416.0,416.0,330.0
43.117370585933784,5.957475604644744,417.0,417.0,330.0
43.11742737377531,5.957430688880537,418.0,418.0,330.0
43.117484161564136,5.957385773116331,419.0,419.0,330.0
43.117540949300256,5.957340857352126,420.0,420.0,330.0
43.11755233589626,5.957429324137771,422.0,422.0,80.0
43.11756372249013,5.957517790923416,423.0,423.0,80.0
43.1175751090819,5.957606257709061,424.0,424.0,80.0
43.11758649567154,5.957694724494706,425.0,425.0,80.0
43.11759788225906,5.95778319128035,426.0,426.0,80.0
43.11760926884447,5.957871658065995,427.0,427.0,80.0
43.117620655427764,5.957960124851642,428.0,428.0,80.0
43.11763204200893,5.9580485916372865,429.0,429.0,80.0
43.117643428587975,5.958137058422931,430.0,430.0,80.0
43.1176548151649,5.958225525208576,431.0,431.0,80.0
43.11766620173971,5.958313991994221,432.0,432.0,80.0
43.117677588312404,5.958402458779866,433.0,433.0,80.0
43.117688974882974,5.958490925565512,434.0,434.0,80.0
43.11770036145143,5.958579392351157,435.0,435.0,80.0
43.11771174801776,5.958667859136801,436.0,436.0,80.0
43.117723134581986,5.958756325922446,437.0,437.0,80.0
43.11773452114408,5.958844792708091,438.0,438.0,80.0
43.11774590770405,5.958933259493736,439.0,439.0,80.0
43.117757294261914,5.959021726279381,440.0,440.0,80.0
43.11776868081766,5.959110193065027,441.0,441.0,80.0
43.11778006737128,5.959198659850672,442.0,442.0,80.0
43.11779145392278,5.959287126636316,443.0,443.0,80.0
43.117802840472166,5.959375593421961,444.0,444.0,80.0
43.11781422701943,5.959464060207607,445.0,445.0,80.0
43.11782561356458,5.959552526993251,446.0,446.0,80.0
43.11783700010761,5.959640993778897,447.0,447.0,80.0
43.11784838664851,5.9597294605645414,448.0,448.0,80.0
43.1178597731873,5.959817927350186,449.0,449.0,80.0
43.11787115972397,5.959906394135832,450.0,450.0,80.0
43.11792794710094,5.959861478371625,452.0,452.0,330.0
43.11798473442521,5.959816562607419,453.0,453.0,330.0
43.11804152169677,5.959771646843214,454.0,454.0,330.0
43.11809830891562,5.959726731079007,455.0,455.0,330.0
43.11815509608177,5.959681815314801,456.0,456.0,330.0
43.11821188319524,5.9596368995505955,457.0,457.0,330.0
43.118268670255986,5.95959198378639,458.0,458.0,330.0
43.118325457264035,5.959547068022183,459.0,459.0,330.0
43.11838224421938,5.959502152257977,460.0,460.0,330.0
43.11843903112203,5.959457236493772,461.0,461.0,330.0
43.11849581797198,5.959412320729565,462.0,462.0,330.0
43.11855260476922,5.959367404965359,463.0,463.0,330.0
43.11860939151376,5.959322489201154,464.0,464.0,330.0
43.1186661782056,5.959277573436948,465.0,465.0,330.0
43.11872296484473,5.959232657672741,466.0,466.0,330.0
43.11877975143116,5.9591877419085355,467.0,467.0,330.0
43.118836537964896,5.95914282614433,468.0,468.0,330.0
43.118893324445914,5.959097910380124,469.0,469.0,330.0
43.11895011087425,5.959052994615917,470.0,470.0,330.0
43.119006897249875,5.959008078851712,471.0,471.0,330.0
43.1190636835728,5.958963163087506,472.0,472.0,330.0
43.11912046984302,5.9589182473233,473.0,473.0,330.0
43.11917725606053,5.958873331559094,474.0,474.0,330.0
43.119234042225344,5.958828415794888,475.0,475.0,330.0
43.11929082833746,5.958783500030682,476.0,476.0,330.0
43.119347614396865,5.9587385842664755,477.0,477.0,330.0
43.119404400403575,5.95869366850227,478.0,478.0,330.0
43.11946118635758,5.958648752738064,479.0,479.0,330.0
43.11951797225889,5.958603836973858,480.0,480.0,330.0
43.11952935848698,5.958692303759503,482.0,482.0,80.0
43.11954074471296,5.9587807705451485,483.0,483.0,80.0
43.11955213093682,5.958869237330793,484.0,484.0,80.0
43.11956351715856,5.958957704116439,485.0,485.0,80.0
43.11957490337818,5.9590461709020826,486.0,486.0,80.0
43.11958628959568,5.959134637687728,487.0,487.0,80.0
43.11959767581107,5.959223104473374,488.0,488.0,80.0
43.11960906202434,5.959311571259019,489.0,489.0,80.0
43.11962044823548,5.959400038044663,490.0,490.0,80.0
43.119631834444505,5.959488504830309,491.0,491.0,80.0
43.11964322065141,5.959576971615954,492.0,492.0,80.0
43.1196546068562,5.959665438401598,493.0,493.0,80.0
43.119665993058874,5.9597539051872435,494.0,494.0,80.0
43.11967737925943,5.959842371972889,495.0,495.0,80.0
43.11968876545785,5.959930838758534,496.0,496.0,80.0
43.11970015165417,5.960019305544178,497.0,497.0,80.0
43.11971153784837,5.960107772329824,498.0,498.0,80.0
43.119722924040445,5.960196239115468,499.0,499.0,80.0
43.11973431023039,5.960284705901114,500.0,500.0,80.0
43.11974569641823,5.960373172686759,501.0,501.0,80.0
43.11975708260395,5.960461639472404,502.0,502.0,80.0
43.11976846878755,5.960550106258048,503.0,503.0,80.0
43.11977985496903,5.960638573043694,504.0,504.0,80.0
43.11979124114839,5.960727039829339,505.0,505.0,80.0
43.11980262732564,5.960815506614984,506.0,506.0,80.0
43.119814013500765,5.9609039734006295,507.0,507.0,80.0
43.119825399673765,5.960992440186274,508.0,508.0,80.0
43.119836785844655,5.961080906971919,509.0,509.0,80.0
43.11984817201342,5.9611693737575635,510.0,510.0,80.0
43.11990495755557,5.961124457993358,512.0,512.0,330.0
43.11996174304501,5.961079542229152,513.0,513.0,330.0
43.12001852848175,5.961034626464945,514.0,514.0,330.0
43.12007531386579,5.96098971070074,515.0,515.0,330.0
43.12013209919712,5.960944794936534,516.0,516.0,330.0
43.12018888447575,5.960899879172328,517.0,517.0,330.0
43.12024566970169,5.960854963408122,518.0,518.0,330.0
43.12030245487492,5.960810047643916,519.0,519.0,330.0
43.120359239995445,5.96076513187971,520.0,520.0,330.0
43.12041602506326,5.9607202161155035,521.0,521.0,330.0
43.12047281007839,5.960675300351298,522.0,522.0,330.0
43.12052959504081,5.960630384587092,523.0,523.0,330.0
43.120586379950524,5.960585468822886,524.0,524.0,330.0
43.12064316480753,5.96054055305868,525.0,525.0,330.0
43.12069994961184,5.960495637294474,526.0,526.0,330.0
43.12075673436345,5.960450721530268,527.0,527.0,330.0
43.12081351906235,5.9604058057660625,528.0,528.0,330.0
43.120870303708564,5.960360890001856,529.0,529.0,330.0
43.12092708830206,5.96031597423765,530.0,530.0,330.0
43.120983872842864,5.960271058473444,531.0,531.0,330.0
43.12104065733096,5.960226142709239,532.0,532.0,330.0
43.12109744176636,5.960181226945032,533.0,533.0,330.0
43.121154226149045,5.960136311180826,534.0,534.0,330.0
43.12121101047904,5.960091395416621,535.0,535.0,330.0
43.121267794756314,5.960046479652414,536.0,536.0,330.0
43.1213245789809,5.960001563888208,537.0,537.0,330.0
43.12138136315278,5.9599566481240025,538.0,538.0,330.0
43.12143814727196,5.959911732359797,539.0,539.0,330.0
43.12149493133844,5.95986681659559,540.0,540.0,330.0
43.12150631719863,5.959955283381236,542.0,542.0,80.0
43.121517703056696,5.96004375016688,543.0,543.0,80.0
43.12152908891266,5.960132216952526,544.0,544.0,80.0
43.1215404747665,5.9602206837381715,545.0,545.0,80.0
43.12155186061821,5.960309150523815,546.0,546.0,80.0
43.12156324646781,5.960397617309461,547.0,547.0,80.0
43.12157463231529,5.9604860840951055,548.0,548.0,80.0
43.12158601816064,5.960574550880751,549.0,549.0,80.0
43.12159740400389,5.960663017666396,550.0,550.0,80.0
43.12160878984501,5.960751484452041,551.0,551.0,80.0
43.121620175684015,5.960839951237686,552.0,552.0,80.0
43.1216315615209,5.960928418023331,553.0,553.0,80.0
43.12164294735567,5.961016884808975,554.0,554.0,80.0
43.12165433318831,5.961105351594622,555.0,555.0,80.0
43.121665719018836,5.9611938183802655,556.0,556.0,80.0
43.12167710484725,5.961282285165911,557.0,557.0,80.0
43.12168849067354,5.961370751951557,558.0,558.0,80.0
43.12169987649771,5.9614592187372,559.0,559.0,80.0
43.12171126231976,5.961547685522846,560.0,560.0,80.0
43.12172264813969,5.9616361523084915,561.0,561.0,80.0
43.12173403395751,5.961724619094137,562.0,562.0,80.0
43.121745419773205,5.961813085879781,563.0,563.0,80.0
43.12175680558678,5.961901552665426,564.0,564.0,80.0
43.12176819139824,5.961990019451071,565.0,565.0,80.0
43.12177957720758,5.962078486236716,566.0,566.0,80.0
43.1217909630148,5.962166953022361,567.0,567.0,80.0
43.1218023488199,5.962255419808007,568.0,568.0,80.0
43.12181373462288,5.962343886593651,569.0,569.0,80.0
43.12182512042374,5.962432353379296,570.0,570.0,80.0
43.12188190413105,5.9623874376150905,572.0,572.0,330.0
43.12193868778567,5.962342521850884,573.0,573.0,330.0
43.121995471387585,5.962297606086678,574.0,574.0,330.0
43.12205225493679,5.962252690322472,575.0,575.0,330.0
43.122109038433294,5.962207774558267,576.0,576.0,330.0
43.1221658218771,5.96216285879406,577.0,577.0,330.0
43.1222226052682,5.962117943029854,578.0,578.0,330.0
43.12227938860659,5.962073027265649,579.0,579.0,330.0
43.12233617189229,5.962028111501442,580.0,580.0,330.0
43.122392955125285,5.961983195737236,581.0,581.0,330.0
43.12244973830557,5.9619382799730305,582.0,582.0,330.0
43.12250652143316,5.961893364208825,583.0,583.0,330.0
43.12256330450804,5.961848448444618,584.0,584.0,330.0
43.12262008753023,5.961803532680412,585.0,585.0,330.0
43.1226768704997,5.961758616916207,586.0,586.0,330.0
43.12273365341648,5.961713701152001,587.0,587.0,330.0
43.12279043628055,5.961668785387794,588.0,588.0,330.0
43.122847219091916,5.961623869623589,589.0,589.0,330.0
43.12290400185059,5.961578953859383,590.0,590.0,330.0
43.122960784556554,5.961534038095177,591.0,591.0,330.0
43.12301756720982,5.9614891223309705,592.0,592.0,330.0
43.12307434981038,5.961444206566765,593.0,593.0,330.0
43.12313113235824,5.961399290802559,594.0,594.0,330.0
43.12318791485339,5.961354375038352,595.0,595.0,330.0
43.12324469729584,5.961309459274147,596.0,596.0,330.0
43.12330147968559,5.961264543509941,597.0,597.0,330.0
43.123358262022634,5.961219627745735,598.0,598.0,330.0
43.12341504430698,5.961174711981529,599.0,599.0,330.0
43.12347182653861,5.961129796217323,600.0,600.0,330.0
