#Fichier contenant sur chaque ligne : Latitude en degré, Longitude en degré, Altitude en mètre, Temps en secondes, Cap en degré
43.103699999999996,5.948499999999999,0.0,0.0,110.0
43.103678185502716,5.948584715628554,1.0,1.0,109.98
43.103657612327176,5.948670011835349,2.0,2.0,109.96
43.103638288703635,5.9487558545030375,3.0,3.0,109.94
43.10362022236247,5.948842209295699,4.0,4.0,109.92
43.103603420531094,5.948929041672567,5.0,5.0,109.9
43.10358788993106,5.949016316901847,6.0,6.0,109.88
43.10357363677537,5.949104000074614,7.0,7.0,109.86
43.103560666765986,5.949192056118766,8.0,8.0,109.84
43.10354898509155,5.949280449813059,9.0,9.0,109.82
43.10353859642533,5.949369145801194,10.0,10.0,109.8
43.1035295049233,5.949458108605961,11.0,11.0,109.78
43.10352171422254,5.9495473026434205,12.0,12.0,109.76
43.10351522743969,5.949636692237149,13.0,13.0,109.74
43.10351004716983,5.9497262416325,14.0,14.0,109.72
43.1035061754853,5.949815915010911,15.0,15.0,109.7
43.103503613934976,5.949905676504222,16.0,16.0,109.68
43.103502363543626,5.949995490209037,17.0,17.0,109.66
43.10350242481146,5.950085320201071,18.0,18.0,109.64
43.103503797713955,5.950175130549522,19.0,19.0,109.62
43.103506481701885,5.95026488533145,20.0,20.0,109.6
43.10351047570153,5.95035454864614,21.0,21.0,109.58
43.10351577811508,5.95044408462946,22.0,22.0,109.56
43.10352238682131,5.95053345746821,23.0,23.0,109.54
43.103530299176384,5.950622631414448,24.0,24.0,109.52
43.10353951201498,5.9507115707997835,25.0,25.0,109.5
43.10355002165149,5.950800240049648,26.0,26.0,109.48
43.10356182388154,5.950888603697524,27.0,27.0,109.46
43.10357491398363,5.950976626399131,28.0,28.0,109.44
43.10358928672108,5.951064272946562,29.0,29.0,109.42
43.103604936344105,5.951151508282364,30.0,30.0,109.4
43.103621856592056,5.95123829751357,31.0,31.0,109.38
43.10364004069603,5.951324605925643,32.0,32.0,109.36
43.10365948138149,5.951410398996367,33.0,33.0,109.34
43.10368017087125,5.951495642409659,34.0,34.0,109.32
43.103702100888505,5.951580302069291,35.0,35.0,109.3
43.10372526266022,5.951664344112528,36.0,36.0,109.28
43.103749646920605,5.951747734923672,37.0,37.0,109.26
43.103775243914825,5.951830441147511,38.0,38.0,109.24
43.10380204340291,5.951912429702658,39.0,39.0,109.22
43.10383003466385,5.951993667794786,40.0,40.0,109.2
43.103859206499884,5.952074122929738,41.0,41.0,109.18
43.103889547240996,5.952153762926534,42.0,42.0,109.16
43.10392104474955,5.952232555930238,43.0,43.0,109.14
43.1039536864252,5.9523104704247,44.0,44.0,109.12
43.10398648009525,5.952388266810365,45.0,45.0,60.0
43.104019273747724,5.95246606319603,46.0,46.0,60.0
43.10405206738263,5.952543859581696,47.0,47.0,60.0
43.10408486099998,5.952621655967362,48.0,48.0,60.0
43.104117654599754,5.952699452353027,49.0,49.0,60.0
43.10415044818197,5.952777248738692,50.0,50.0,60.0
43.10418324174661,5.952855045124358,51.0,51.0,60.0
43.104216035293696,5.952932841510023,52.0,52.0,60.0
43.1042488288232,5.95301063789569,53.0,53.0,60.0
43.104281622335144,5.953088434281354,54.0,54.0,60.0
43.10431441582952,5.95316623066702,55.0,55.0,60.0
43.104347209306326,5.953244027052686,56.0,56.0,60.0
43.104380002765566,5.95332182343835,57.0,57.0,60.0
43.10441279620725,5.953399619824017,58.0,58.0,60.0
43.104445589631354,5.953477416209682,59.0,59.0,60.0
43.1044783830379,5.953555212595348,60.0,60.0,60.0
43.104511176426875,5.953633008981013,61.0,61.0,60.0
43.10454396979828,5.953710805366678,62.0,62.0,60.0
43.104576763152124,5.953788601752345,63.0,63.0,60.0
43.104609556488406,5.95386639813801,64.0,64.0,60.0
43.10464234980711,5.953944194523676,65.0,65.0,60.0
43.10467514310825,5.954021990909341,66.0,66.0,60.0
43.104707936391826,5.954099787295006,67.0,67.0,60.0
43.104740729657834,5.954177583680672,68.0,68.0,60.0
43.10477352290628,5.954255380066338,69.0,69.0,60.0
43.10480631613716,5.954333176452003,70.0,70.0,60.0
43.10483910935046,5.954410972837668,71.0,71.0,60.0
43.10487190254619,5.954488769223334,72.0,72.0,60.0
43.10490469572437,5.954566565608999,73.0,73.0,60.0
43.10493748888498,5.954644361994665,74.0,74.0,60.0
43.10497028202801,5.954722158380331,75.0,75.0,60.0
43.10500307515349,5.954799954765996,76.0,76.0,60.0
43.105035868261396,5.9548777511516615,77.0,77.0,60.0
43.10506866135174,5.9549555475373275,78.0,78.0,60.0
43.105101454424506,5.955033343922993,79.0,79.0,60.0
43.10513424747971,5.955111140308659,80.0,80.0,60.0
43.10516704051735,5.955188936694324,81.0,81.0,60.0
43.10519983353742,5.9552667330799895,82.0,82.0,60.0
43.10523262653993,5.9553445294656555,83.0,83.0,60.0
43.10526541952486,5.95542232585132,84.0,84.0,60.0
43.10529821249224,5.9555001222369865,85.0,85.0,60.0
43.10533100544204,5.955577918622652,86.0,86.0,60.0
43.10536379837428,5.955655715008318,87.0,87.0,60.0
43.10539659128895,5.955733511393983,88.0,88.0,60.0
43.10542938418605,5.955811307779648,89.0,89.0,60.0
43.10546217706559,5.955889104165315,90.0,90.0,60.0
43.10549496992756,5.95596690055098,91.0,91.0,60.0
43.10552776277196,5.956044696936646,92.0,92.0,60.0
43.1055605555988,5.95612249332231,93.0,93.0,60.0
43.10559334840807,5.956200289707976,94.0,94.0,60.0
43.10562614119977,5.956278086093642,95.0,95.0,60.0
43.105658933973906,5.956355882479308,96.0,96.0,60.0
43.10569172673048,5.956433678864973,97.0,97.0,60.0
43.105724519469476,5.956511475250638,98.0,98.0,60.0
43.10575731219091,5.956589271636304,99.0,99.0,60.0
43.10579010489478,5.956667068021969,100.0,100.0,60.0
43.10582289758108,5.956744864407635,101.0,101.0,60.0
43.10585569024982,5.956822660793301,102.0,102.0,60.0
43.10588848290098,5.956900457178966,103.0,103.0,60.0
43.105921275534584,5.956978253564631,104.0,104.0,60.0
43.105954068150616,5.957056049950296,105.0,105.0,60.0
43.105986860749084,5.957133846335963,106.0,106.0,60.0
43.10601965332998,5.957211642721629,107.0,107.0,60.0
43.10605244589332,5.957289439107293,108.0,108.0,60.0
43.10608523843908,5.957367235492959,109.0,109.0,60.0
43.106118030967274,5.957445031878624,110.0,110.0,60.0
43.10615082347791,5.957522828264291,111.0,111.0,60.0
43.10618361597098,5.957600624649956,112.0,112.0,60.0
43.10621640844647,5.957678421035621,113.0,113.0,60.0
43.10624920090441,5.957756217421287,114.0,114.0,60.0
43.106281993344766,5.957834013806952,115.0,115.0,60.0
43.106314785767566,5.957911810192617,116.0,116.0,60.0
43.1063475781728,5.957989606578283,117.0,117.0,60.0
43.10638037056046,5.958067402963949,118.0,118.0,60.0
43.10641316293056,5.958145199349615,119.0,119.0,60.0
43.106445955283085,5.958222995735279,120.0,120.0,60.0
43.106478747618056,5.958300792120945,121.0,121.0,60.0
43.106511539935454,5.958378588506611,122.0,122.0,60.0
43.10654433223528,5.958456384892277,123.0,123.0,60.0
43.106577124517536,5.958534181277942,124.0,124.0,60.0
43.10660991678223,5.958611977663607,125.0,125.0,60.0
43.10664270902936,5.958689774049273,126.0,126.0,60.0
43.10667550125893,5.958767570434939,127.0,127.0,60.0
43.10670829347092,5.958845366820604,128.0,128.0,60.0
43.10674108566534,5.958923163206269,129.0,129.0,60.0
43.10677387784221,5.959000959591935,130.0,130.0,60.0
43.1068066700015,5.9590787559776,131.0,131.0,60.0
43.10683946214323,5.9591565523632655,132.0,132.0,60.0
43.10687225426739,5.959234348748932,133.0,133.0,60.0
43.10690504637398,5.959312145134597,134.0,134.0,60.0
43.106937838463004,5.959389941520263,135.0,135.0,60.0
43.10697063053446,5.959467737905928,136.0,136.0,60.0
43.10700342258835,5.9595455342915935,137.0,137.0,60.0
43.107036214624685,5.95962333067726,138.0,138.0,60.0
43.107069006643435,5.959701127062925,139.0,139.0,60.0
43.107101798644635,5.9597789234485905,140.0,140.0,60.0
43.107134590628256,5.9598567198342565,141.0,141.0,60.0
43.10716738259431,5.9599345162199215,142.0,142.0,60.0
43.107200174542804,5.960012312605588,143.0,143.0,60.0
43.107232966473724,5.960090108991253,144.0,144.0,60.0
43.10726575838708,5.9601679053769185,145.0,145.0,60.0
43.10729855028287,5.960245701762584,146.0,146.0,60.0
43.10733134216109,5.960323498148249,147.0,147.0,60.0
43.10736413402175,5.960401294533915,148.0,148.0,60.0
43.10739692586483,5.960479090919581,149.0,149.0,60.0
43.10742971769036,5.960556887305247,150.0,150.0,60.0
43.10746250949831,5.960634683690911,151.0,151.0,60.0
43.10749530128871,5.960712480076577,152.0,152.0,60.0
43.107528093061525,5.960790276462243,153.0,153.0,60.0
43.10756088481678,5.960868072847909,154.0,154.0,60.0
43.107593676554465,5.960945869233574,155.0,155.0,60.0
43.10762646827458,5.961023665619239,156.0,156.0,60.0
43.10765925997713,5.961101462004905,157.0,157.0,60.0
43.10769205166213,5.961179258390571,158.0,158.0,60.0
43.10772484332954,5.961257054776237,159.0,159.0,60.0
43.1077576349794,5.961334851161902,160.0,160.0,60.0
43.10779042661168,5.961412647547567,161.0,161.0,60.0
43.10782321822639,5.961490443933233,162.0,162.0,60.0
43.10785600982355,5.961568240318898,163.0,163.0,60.0
43.107888801403135,5.961646036704563,164.0,164.0,60.0
43.107921592965155,5.96172383309023,165.0,165.0,60.0
43.1079543845096,5.961801629475895,166.0,166.0,60.0
43.10798717603648,5.96187942586156,167.0,167.0,60.0
43.10801996754579,5.961957222247225,168.0,168.0,60.0
43.108052759037555,5.962035018632891,169.0,169.0,60.0
43.108085550511724,5.962112815018557,170.0,170.0,60.0
43.10811834196834,5.962190611404222,171.0,171.0,60.0
43.1081511334074,5.962268407789888,172.0,172.0,60.0
43.10818392482888,5.962346204175553,173.0,173.0,60.0
43.108216716232796,5.962424000561218,174.0,174.0,60.0
43.108249507619135,5.962501796946884,175.0,175.0,60.0
43.108282298987916,5.96257959333255,176.0,176.0,60.0
43.108315090339126,5.962657389718216,177.0,177.0,60.0
43.10834788167278,5.96273518610388,178.0,178.0,60.0
43.10838067298886,5.962812982489546,179.0,179.0,60.0
43.10841346428737,5.962890778875211,180.0,180.0,60.0
43.10844625556832,5.962968575260878,181.0,181.0,60.0
43.10847904683169,5.963046371646544,182.0,182.0,60.0
43.1085118380775,5.963124168032208,183.0,183.0,60.0
43.108544629305754,5.963201964417874,184.0,184.0,60.0
43.108577420516426,5.963279760803539,185.0,185.0,60.0
43.10861021170953,5.963357557189206,186.0,186.0,60.0
43.10864300288508,5.963435353574871,187.0,187.0,60.0
43.10867579404306,5.963513149960536,188.0,188.0,60.0
43.108708585183464,5.963590946346202,189.0,189.0,60.0
43.108741376306305,5.963668742731866,190.0,190.0,60.0
43.10877416741159,5.963746539117533,191.0,191.0,60.0
43.10880695849929,5.963824335503198,192.0,192.0,60.0
43.108839749569434,5.963902131888864,193.0,193.0,60.0
43.108872540622,5.963979928274529,194.0,194.0,60.0
43.10890533165701,5.9640577246601945,195.0,195.0,60.0
43.10893812267445,5.96413552104586,196.0,196.0,60.0
43.108970913674334,5.964213317431526,197.0,197.0,60.0
43.10900370465664,5.9642911138171915,198.0,198.0,60.0
43.10903649562138,5.964368910202857,199.0,199.0,60.0
43.10906928656855,5.9644467065885225,200.0,200.0,60.0
43.10910207749816,5.964524502974188,201.0,201.0,60.0
43.10913486841019,5.9646022993598535,202.0,202.0,60.0
43.10916765930467,5.9646800957455195,203.0,203.0,60.0
43.10920045018156,5.964757892131185,204.0,204.0,60.0
43.109233241040904,5.9648356885168505,205.0,205.0,60.0
43.10926603188267,5.964913484902516,206.0,206.0,60.0
43.109298822706876,5.964991281288182,207.0,207.0,60.0
43.109331613513504,5.9650690776738475,208.0,208.0,60.0
43.10936440430258,5.965146874059513,209.0,209.0,60.0
43.10939719507408,5.965224670445178,210.0,210.0,60.0
43.109429985828015,5.965302466830844,211.0,211.0,60.0
43.109462776564385,5.965380263216509,212.0,212.0,60.0
43.10949556728318,5.965458059602176,213.0,213.0,60.0
43.109528357984416,5.96553585598784,214.0,214.0,60.0
43.109561148668085,5.965613652373506,215.0,215.0,60.0
43.10959393933418,5.965691448759172,216.0,216.0,60.0
43.109626729982715,5.965769245144836,217.0,217.0,60.0
43.10965952061368,5.965847041530503,218.0,218.0,60.0
43.109692311227086,5.965924837916168,219.0,219.0,60.0
43.10972510182291,5.966002634301834,220.0,220.0,60.0
43.10975789240118,5.966080430687499,221.0,221.0,60.0
43.10979068296187,5.966158227073164,222.0,222.0,60.0
43.109823473505,5.966236023458831,223.0,223.0,60.0
43.109856264030576,5.966313819844496,224.0,224.0,60.0
43.10988905453856,5.966391616230161,225.0,225.0,60.0
43.10992184502899,5.966469412615826,226.0,226.0,60.0
43.10995463550185,5.966547209001492,227.0,227.0,60.0
43.10998742595716,5.966625005387158,228.0,228.0,60.0
43.11002021639488,5.966702801772824,229.0,229.0,60.0
43.11005300681504,5.966780598158489,230.0,230.0,60.0
43.110085797217636,5.966858394544154,231.0,231.0,60.0
43.11011858760266,5.96693619092982,232.0,232.0,60.0
43.110151377970126,5.967013987315485,233.0,233.0,60.0
43.11018416832001,5.967091783701151,234.0,234.0,60.0
43.11021695865234,5.967169580086817,235.0,235.0,60.0
43.1102497489671,5.967247376472482,236.0,236.0,60.0
43.11028253926429,5.967325172858147,237.0,237.0,60.0
43.110315329543916,5.967402969243813,238.0,238.0,60.0
43.11034811980597,5.967480765629479,239.0,239.0,60.0
43.11038091005046,5.967558562015145,240.0,240.0,60.0
43.11041370027739,5.967636358400809,241.0,241.0,60.0
43.11044649048674,5.967714154786475,242.0,242.0,60.0
43.110479280678526,5.96779195117214,243.0,243.0,60.0
43.11051207085275,5.967869747557805,244.0,244.0,60.0
43.11054486100941,5.967947543943472,245.0,245.0,60.0
43.11057765114849,5.968025340329137,246.0,246.0,60.0
43.11061044127001,5.968103136714803,247.0,247.0,60.0
43.11064323137397,5.968180933100468,248.0,248.0,60.0
43.11067602146035,5.968258729486133,249.0,249.0,60.0
43.11070881152917,5.968336525871799,250.0,250.0,60.0
43.11074160158042,5.968414322257465,251.0,251.0,60.0
43.110774391614115,5.968492118643131,252.0,252.0,60.0
43.11080718163023,5.968569915028795,253.0,253.0,60.0
43.110839971628785,5.968647711414461,254.0,254.0,60.0
43.11087276160976,5.9687255078001265,255.0,255.0,60.0
43.11090555157318,5.968803304185793,256.0,256.0,60.0
43.11093834151903,5.968881100571458,257.0,257.0,60.0
43.110971131447315,5.9689588969571235,258.0,258.0,60.0
43.11100392135802,5.969036693342789,259.0,259.0,60.0
43.111036711251174,5.969114489728454,260.0,260.0,60.0
43.11106950112676,5.9691922861141204,261.0,261.0,60.0
43.111102290984775,5.969270082499786,262.0,262.0,60.0
43.11113508082522,5.9693478788854515,263.0,263.0,60.0
43.111167870648096,5.969425675271117,264.0,264.0,60.0
43.111200660453406,5.969503471656782,265.0,265.0,60.0
43.11123345024116,5.9695812680424485,266.0,266.0,60.0
43.11126624001134,5.969659064428114,267.0,267.0,60.0
43.11129902976395,5.969736860813779,268.0,268.0,60.0
43.111331819498986,5.969814657199445,269.0,269.0,60.0
43.111364609216466,5.96989245358511,270.0,270.0,60.0
43.111397398916374,5.969970249970776,271.0,271.0,60.0
43.11143018859872,5.970048046356442,272.0,272.0,60.0
43.111462978263496,5.970125842742107,273.0,273.0,60.0
43.111495767910704,5.970203639127773,274.0,274.0,60.0
43.111528557540346,5.970281435513438,275.0,275.0,60.0
43.111561347152424,5.970359231899103,276.0,276.0,60.0
43.11159413674692,5.970437028284769,277.0,277.0,60.0
43.111626926323865,5.970514824670435,278.0,278.0,60.0
43.11165971588325,5.9705926210561,279.0,279.0,60.0
43.11169250542505,5.970670417441765,280.0,280.0,60.0
43.11172529494929,5.970748213827431,281.0,281.0,60.0
43.111758084455964,5.970826010213097,282.0,282.0,60.0
43.11179087394506,5.970903806598763,283.0,283.0,60.0
43.1118236634166,5.970981602984427,284.0,284.0,60.0
43.111856452870576,5.971059399370093,285.0,285.0,60.0
43.11188924230697,5.971137195755759,286.0,286.0,60.0
43.11192203172581,5.971214992141423,287.0,287.0,60.0
43.11195482112708,5.97129278852709,288.0,288.0,60.0
43.11198761051078,5.971370584912755,289.0,289.0,60.0
43.11202039987692,5.971448381298421,290.0,290.0,60.0
43.11205318922549,5.971526177684086,291.0,291.0,60.0
43.112085978556486,5.971603974069751,292.0,292.0,60.0
43.112118767869916,5.971681770455418,293.0,293.0,60.0
43.11215155716578,5.971759566841083,294.0,294.0,60.0
43.11218434644408,5.971837363226749,295.0,295.0,60.0
43.11221713570481,5.971915159612414,296.0,296.0,60.0
43.11224992494798,5.971992955998079,297.0,297.0,60.0
43.11228271417358,5.972070752383746,298.0,298.0,60.0
43.11231550338161,5.972148548769411,299.0,299.0,60.0
43.112348292572065,5.972226345155076,300.0,300.0,60.0
43.112381081744964,5.972304141540741,301.0,301.0,60.0
43.11241387090029,5.972381937926407,302.0,302.0,60.0
43.11244666003806,5.972459734312072,303.0,303.0,60.0
43.11247944915825,5.972537530697738,304.0,304.0,60.0
43.112512238260884,5.972615327083404,305.0,305.0,60.0
43.11254502734594,5.972693123469069,306.0,306.0,60.0
43.11257781641343,5.972770919854734,307.0,307.0,60.0
43.11261060546336,5.9728487162404,308.0,308.0,60.0
43.11264339449572,5.972926512626066,309.0,309.0,60.0
43.11267618351051,5.973004309011732,310.0,310.0,60.0
43.11270897250773,5.973082105397396,311.0,311.0,60.0
43.11274176148739,5.973159901783062,312.0,312.0,60.0
43.11277455044948,5.973237698168728,313.0,313.0,60.0
43.112807339394,5.973315494554394,314.0,314.0,60.0
43.11284012832096,5.973393290940059,315.0,315.0,60.0
43.11287291723035,5.973471087325724,316.0,316.0,60.0
43.11290570612216,5.97354888371139,317.0,317.0,60.0
43.11293849499642,5.973626680097055,318.0,318.0,60.0
43.112971283853106,5.9737044764827205,319.0,319.0,60.0
43.11300407269223,5.973782272868387,320.0,320.0,60.0
43.11303686151378,5.973860069254052,321.0,321.0,60.0
43.11306965031776,5.973937865639718,322.0,322.0,60.0
43.11310243910419,5.974015662025383,323.0,323.0,60.0
43.11313522787304,5.9740934584110486,324.0,324.0,60.0
43.11316801662432,5.9741712547967145,325.0,325.0,60.0
43.11320080535804,5.9742490511823805,326.0,326.0,60.0
43.11323359407418,5.9743268475680456,327.0,327.0,60.0
43.11326638277277,5.974404643953711,328.0,328.0,60.0
43.11329917145379,5.974482440339377,329.0,329.0,60.0
43.11333196011723,5.9745602367250426,330.0,330.0,60.0
43.11336474876311,5.974638033110708,331.0,331.0,60.0
43.11339753739142,5.974715829496374,332.0,332.0,60.0
43.11343032600217,5.974793625882039,333.0,333.0,60.0
43.11346311459535,5.974871422267704,334.0,334.0,60.0
43.113495903170964,5.974949218653369,335.0,335.0,60.0
43.113528691729016,5.975027015039036,336.0,336.0,60.0
43.11356148026949,5.975104811424702,337.0,337.0,60.0
43.1135942687924,5.975182607810366,338.0,338.0,60.0
43.113627057297734,5.975260404196032,339.0,339.0,60.0
43.11365984578551,5.975338200581697,340.0,340.0,60.0
43.11369263425572,5.975415996967364,341.0,341.0,60.0
43.11372542270837,5.975493793353029,342.0,342.0,60.0
43.11375821114344,5.975571589738694,343.0,343.0,60.0
43.11379099956094,5.97564938612436,344.0,344.0,60.0
43.11382378796089,5.975727182510025,345.0,345.0,60.0
43.11385657634326,5.975804978895692,346.0,346.0,60.0
43.11388936470806,5.975882775281356,347.0,347.0,60.0
43.113922153055306,5.975960571667022,348.0,348.0,60.0
43.113954941384975,5.976038368052688,349.0,349.0,60.0
43.11398772969708,5.976116164438352,350.0,350.0,60.0
43.11402051799161,5.976193960824018,351.0,351.0,60.0
43.11405330626858,5.976271757209684,352.0,352.0,60.0
43.114086094527984,5.97634955359535,353.0,353.0,60.0
43.114118882769816,5.976427349981015,354.0,354.0,60.0
43.11415167099409,5.97650514636668,355.0,355.0,60.0
43.114184459200786,5.976582942752346,356.0,356.0,60.0
43.114217247389924,5.976660739138012,357.0,357.0,60.0
43.11425003556148,5.976738535523677,358.0,358.0,60.0
43.114282823715484,5.976816331909342,359.0,359.0,60.0
43.114315611851914,5.976894128295008,360.0,360.0,60.0
43.11434839997077,5.976971924680673,361.0,361.0,60.0
43.11438118807207,5.977049721066339,362.0,362.0,60.0
43.1144139761558,5.977127517452005,363.0,363.0,60.0
43.11444676422197,5.97720531383767,364.0,364.0,60.0
43.114479552270566,5.977283110223336,365.0,365.0,60.0
43.11451234030159,5.977360906609001,366.0,366.0,60.0
43.11454512831506,5.977438702994666,367.0,367.0,60.0
43.11457791631094,5.977516499380333,368.0,368.0,60.0
43.11461070428927,5.977594295765998,369.0,369.0,60.0
43.11464349225003,5.977672092151663,370.0,370.0,60.0
43.11467628019322,5.977749888537329,371.0,371.0,60.0
43.11470906811885,5.977827684922994,372.0,372.0,60.0
43.1147418560269,5.977905481308661,373.0,373.0,60.0
43.11477464391739,5.977983277694325,374.0,374.0,60.0
43.11480743179031,5.978061074079991,375.0,375.0,60.0
43.11484021964567,5.978138870465656,376.0,376.0,60.0
43.11487300748346,5.9782166668513215,377.0,377.0,60.0
43.11490579530368,5.978294463236988,378.0,378.0,60.0
43.11493858310633,5.978372259622653,379.0,379.0,60.0
43.114971370891425,5.978450056008319,380.0,380.0,60.0
43.11500415865894,5.9785278523939835,381.0,381.0,60.0
43.11503694640889,5.9786056487796495,382.0,382.0,60.0
43.11506973414127,5.9786834451653155,383.0,383.0,60.0
43.115102521856095,5.978761241550981,384.0,384.0,60.0
43.11513530955334,5.9788390379366465,385.0,385.0,60.0
43.11516809723303,5.978916834322312,386.0,386.0,60.0
43.115200884895145,5.9789946307079775,387.0,387.0,60.0
43.11523367253969,5.9790724270936435,388.0,388.0,60.0
43.11526646016667,5.9791502234793095,389.0,389.0,60.0
43.11529924777608,5.9792280198649745,390.0,390.0,60.0
43.11533203536793,5.97930581625064,391.0,391.0,60.0
43.115364822942205,5.979383612636306,392.0,392.0,60.0
43.115397610498924,5.979461409021971,393.0,393.0,60.0
43.11543039803807,5.979539205407637,394.0,394.0,60.0
43.11546318555964,5.979617001793303,395.0,395.0,60.0
43.11549597306365,5.979694798178968,396.0,396.0,60.0
43.1155287605501,5.979772594564633,397.0,397.0,60.0
43.11556154801897,5.979850390950298,398.0,398.0,60.0
43.115594335470284,5.979928187335964,399.0,399.0,60.0
43.11562712290402,5.98000598372163,400.0,400.0,60.0
43.1156599103202,5.980083780107295,401.0,401.0,60.0
43.1156926977188,5.980161576492961,402.0,402.0,60.0
43.115725485099844,5.980239372878626,403.0,403.0,60.0
43.11575827246331,5.980317169264291,404.0,404.0,60.0
43.11579105980922,5.980394965649957,405.0,405.0,60.0
43.115823847137555,5.980472762035623,406.0,406.0,60.0
43.11585663444832,5.980550558421289,407.0,407.0,60.0
43.11588942174153,5.980628354806953,408.0,408.0,60.0
43.11592220901716,5.980706151192619,409.0,409.0,60.0
43.11595499627523,5.980783947578285,410.0,410.0,60.0
43.11598778351573,5.980861743963951,411.0,411.0,60.0
43.11602057073866,5.980939540349617,412.0,412.0,60.0
43.11605335794403,5.981017336735281,413.0,413.0,60.0
43.116086145131824,5.981095133120947,414.0,414.0,60.0
43.11611893230206,5.981172929506612,415.0,415.0,60.0
43.11615171945473,5.981250725892279,416.0,416.0,60.0
43.11618450658982,5.981328522277944,417.0,417.0,60.0
43.11621729370735,5.981406318663609,418.0,418.0,60.0
43.11625008080731,5.981484115049275,419.0,419.0,60.0
43.11628286788971,5.981561911434939,420.0,420.0,60.0
43.11631565495453,5.981639707820606,421.0,421.0,60.0
43.11634844200179,5.981717504206271,422.0,422.0,60.0
43.11638122903148,5.981795300591937,423.0,423.0,60.0
43.11641401604361,5.981873096977602,424.0,424.0,60.0
43.11644680303817,5.981950893363267,425.0,425.0,60.0
43.11647959001516,5.982028689748934,426.0,426.0,60.0
43.11651237697458,5.982106486134599,427.0,427.0,60.0
43.11654516391644,5.982184282520264,428.0,428.0,60.0
43.11657795084073,5.98226207890593,429.0,429.0,60.0
43.11661073774745,5.982339875291595,430.0,430.0,60.0
43.1166435246366,5.982417671677261,431.0,431.0,60.0
43.11667631150819,5.982495468062927,432.0,432.0,60.0
43.116709098362215,5.982573264448592,433.0,433.0,60.0
43.116741885198664,5.982651060834257,434.0,434.0,60.0
43.11677467201755,5.982728857219923,435.0,435.0,60.0
43.11680745881886,5.982806653605588,436.0,436.0,60.0
43.11684024560262,5.982884449991254,437.0,437.0,60.0
43.1168730323688,5.98296224637692,438.0,438.0,60.0
43.11690581911741,5.983040042762585,439.0,439.0,60.0
43.11693860584846,5.9831178391482505,440.0,440.0,60.0
43.11697139256194,5.983195635533916,441.0,441.0,60.0
43.117004179257854,5.9832734319195815,442.0,442.0,60.0
43.11703696593621,5.983351228305248,443.0,443.0,60.0
43.11706975259698,5.9834290246909125,444.0,444.0,60.0
43.1171025392402,5.9835068210765785,445.0,445.0,60.0
43.11713532586584,5.9835846174622445,446.0,446.0,60.0
43.11716811247392,5.983662413847909,447.0,447.0,60.0
43.11720089906442,5.9837402102335755,448.0,448.0,60.0
43.11723368563737,5.983818006619241,449.0,449.0,60.0
43.117266472192746,5.9838958030049065,450.0,450.0,60.0
43.11729925873055,5.983973599390572,451.0,451.0,60.0
43.11733204525079,5.984051395776237,452.0,452.0,60.0
43.11736483175346,5.9841291921619035,453.0,453.0,60.0
43.11739761823856,5.984206988547569,454.0,454.0,60.0
43.117430404706106,5.984284784933235,455.0,455.0,60.0
43.11746319115608,5.984362581318899,456.0,456.0,60.0
43.11749597758848,5.984440377704565,457.0,457.0,60.0
43.11752876400332,5.984518174090231,458.0,458.0,60.0
43.11756155040058,5.984595970475897,459.0,459.0,60.0
43.117594336780286,5.984673766861562,460.0,460.0,60.0
43.11762712314241,5.984751563247227,461.0,461.0,60.0
43.11765990948699,5.984829359632893,462.0,462.0,60.0
43.117692695813986,5.984907156018558,463.0,463.0,60.0
43.11772548212342,5.984984952404224,464.0,464.0,60.0
43.11775826841528,5.98506274878989,465.0,465.0,60.0
43.117791054689576,5.985140545175555,466.0,466.0,60.0
43.11782384094631,5.98521834156122,467.0,467.0,60.0
43.11785662718547,5.985296137946886,468.0,468.0,60.0
43.11788941340707,5.985373934332552,469.0,469.0,60.0
43.11792219961109,5.985451730718218,470.0,470.0,60.0
43.117954985797546,5.985529527103882,471.0,471.0,60.0
43.11798777196644,5.985607323489548,472.0,472.0,60.0
43.11802055811776,5.985685119875213,473.0,473.0,60.0
43.11805334425152,5.985762916260878,474.0,474.0,60.0
43.11808613036772,5.985840712646545,475.0,475.0,60.0
43.11811891646634,5.98591850903221,476.0,476.0,60.0
43.118151702547394,5.985996305417876,477.0,477.0,60.0
43.118184488610886,5.986074101803541,478.0,478.0,60.0
43.1182172746568,5.986151898189206,479.0,479.0,60.0
43.118250060685156,5.986229694574872,480.0,480.0,60.0
43.11828284669594,5.986307490960538,481.0,481.0,60.0
43.11831563268916,5.986385287346204,482.0,482.0,60.0
43.118348418664816,5.986463083731868,483.0,483.0,60.0
43.1183812046229,5.986540880117534,484.0,484.0,60.0
43.11841399056341,5.9866186765032,485.0,485.0,60.0
43.11844677648636,5.986696472888866,486.0,486.0,60.0
43.11847956239175,5.986774269274531,487.0,487.0,60.0
43.11851234827956,5.986852065660196,488.0,488.0,60.0
43.118545134149805,5.986929862045862,489.0,489.0,60.0
43.11857792000249,5.987007658431526,490.0,490.0,60.0
43.1186107058376,5.987085454817193,491.0,491.0,60.0
43.11864349165514,5.987163251202859,492.0,492.0,60.0
43.118676277455116,5.987241047588524,493.0,493.0,60.0
43.11870906323753,5.987318843974189,494.0,494.0,60.0
43.118741849002376,5.987396640359854,495.0,495.0,60.0
43.11877463474965,5.987474436745521,496.0,496.0,60.0
43.11880742047935,5.987552233131186,497.0,497.0,60.0
43.11884020619149,5.987630029516851,498.0,498.0,60.0
43.118872991886064,5.987707825902517,499.0,499.0,60.0
43.11890577756308,5.9877856222881825,500.0,500.0,60.0
